24 417
573 5
505 50
755 322
713 156
72 308
188 284
357 869
403 594
622 379
800 400
500 713
545 220
532 912
537 156
310 719
862 177
995 835
432 275
595 735
936 844
195 500
912 690
80 955
788 52
170 47
653 629
808 225
478 974
716 867
517 854
98 854
696 349
290 710
736 430
144 730
15 755
636 10
122 690
675 794
963 548
610 795
909 366
545 89
524 841
444 999
1 469
809 253
216 50
519 948
702 174
596 576
794 307
32 220
918 256
11 508
786 263
112 195
437 367
701 485
873 640
752 303
514 603
527 947
11 268
316 855
493 64
955 613
892 849
482 205
665 80
700 174
525 369
241 235
433 978
870 682
599 54
636 249
860 854
376 553
525 879
798 469
722 671
395 35
123 400
222 184
886 823
329 571
274 382
514 383
676 21
601 524
107 440
197 104
922 658
495 942
265 959
594 272
600 198
918 81
